  -1.6750660e-01  -4.6007548e-02   2.4113305e-01  -4.0318682e-01  -3.1170583e-01   4.0196752e-01   7.1979401e-02   3.8870012e-01  -5.0804550e-01   8.1687122e-05   1.0588690e+00
  -5.3017717e-02   2.2587477e-02   4.7057127e-03   7.4893727e-01   1.7878201e-01   3.7706167e-01  -1.8440857e-01  -4.7360452e-01  -8.2201443e-01  -9.7096528e-02   1.4779430e-01
   2.2808539e-02   1.5169410e-01   7.7818132e-02   1.7153244e-02   4.5900505e-01  -4.5312122e-01  -6.9058110e-01   7.4123749e-02   1.3021735e+00  -1.3371028e-01   4.3203705e-01
  -6.4375133e-03   1.8668369e-01   1.6763108e-01  -5.0424863e-01   1.0994222e+00  -4.3738579e-01   4.0506061e-01  -1.4948379e-01   4.1747772e-01  -9.1671374e-02  -2.0380144e-01
   1.4397974e-01  -6.4552582e-02   1.0502145e+00  -9.3234937e-02  -2.3244296e-01   7.0577600e-02  -1.2046266e-01   2.5174370e-01  -5.1294997e-01   4.6212680e-02  -7.0323677e-03
   8.7848650e-02  -5.1881696e-02   9.6031181e-02   5.5240760e-01  -6.8567702e-01  -1.2047748e-01   2.5354817e-01   1.0956286e+00  -6.1711313e-01   5.5735290e-01  -4.4645892e-01
  -1.1874776e-01   8.6612601e-02  -5.8800660e-02  -1.3137348e-01  -6.1249864e-03   1.1055208e+00   3.3687210e-02   4.4267272e-01  -2.7745000e-01  -2.2986580e-01   3.7836039e-02
  -7.7059721e-02  -3.6121874e-02   1.2241363e-01   3.4587819e-01  -2.3385118e-01   1.3751983e-01   7.5531573e-01  -7.7496447e-01   4.0222195e-01  -4.8004689e-02  -1.3238829e-01
   6.4726456e-02   9.9858168e-02  -2.2523418e-02  -1.8515029e-01   5.2802085e-02   4.5549005e-01  -1.6976852e-01  -5.4134316e-01  -3.8455915e-01   7.9988053e-01  -9.8764786e-02
  -2.3483217e-02   1.0043678e+00   8.1762845e-03   7.8819386e-02  -2.0466283e-01   9.6876912e-02   7.5976972e-02  -2.3950243e-02  -4.4864384e-02  -6.9700545e-02   2.8470811e-02
   1.0388547e+00  -7.6666205e-02  -1.0426841e-02   1.1483183e-01  -9.1996825e-02   4.4794086e-02   8.1029000e-03  -1.9341223e-02  -2.6890545e-02   1.2453378e-02  -4.2786278e-02
